# Created by Octave 6.2.0, Wed Oct 06 17:57:51 2021 PDT <wagh847@WE42162>
# name: X
# type: matrix
# rows: 11
# columns: 25
 1 3 5 7 9 11 13 15 17 19 21 23 25 27 29 31 33 35 37 39 41 43 45 47 49
 1 3 5 7 9 11 13 15 17 19 21 23 25 27 29 31 33 35 37 39 41 43 45 47 49
 1 3 5 7 9 11 13 15 17 19 21 23 25 27 29 31 33 35 37 39 41 43 45 47 49
 1 3 5 7 9 11 13 15 17 19 21 23 25 27 29 31 33 35 37 39 41 43 45 47 49
 1 3 5 7 9 11 13 15 17 19 21 23 25 27 29 31 33 35 37 39 41 43 45 47 49
 1 3 5 7 9 11 13 15 17 19 21 23 25 27 29 31 33 35 37 39 41 43 45 47 49
 1 3 5 7 9 11 13 15 17 19 21 23 25 27 29 31 33 35 37 39 41 43 45 47 49
 1 3 5 7 9 11 13 15 17 19 21 23 25 27 29 31 33 35 37 39 41 43 45 47 49
 1 3 5 7 9 11 13 15 17 19 21 23 25 27 29 31 33 35 37 39 41 43 45 47 49
 1 3 5 7 9 11 13 15 17 19 21 23 25 27 29 31 33 35 37 39 41 43 45 47 49
 1 3 5 7 9 11 13 15 17 19 21 23 25 27 29 31 33 35 37 39 41 43 45 47 49


# name: Y
# type: matrix
# rows: 11
# columns: 25
 30.729564 30.729564 30.729564 30.729564 30.729564 30.729564 30.729564 30.729564 30.729564 30.729564 30.729564 30.729564 30.729564 30.729564 30.729564 30.729564 30.729564 30.729564 30.729564 30.729564 30.729564 30.729564 30.729564 30.729564 30.729564
 66.598895999999996 66.598895999999996 66.598895999999996 66.598895999999996 66.598895999999996 66.598895999999996 66.598895999999996 66.598895999999996 66.598895999999996 66.598895999999996 66.598895999999996 66.598895999999996 66.598895999999996 66.598895999999996 66.598895999999996 66.598895999999996 66.598895999999996 66.598895999999996 66.598895999999996 66.598895999999996 66.598895999999996 66.598895999999996 66.598895999999996 66.598895999999996 66.598895999999996
 117.06199400000001 117.06199400000001 117.06199400000001 117.06199400000001 117.06199400000001 117.06199400000001 117.06199400000001 117.06199400000001 117.06199400000001 117.06199400000001 117.06199400000001 117.06199400000001 117.06199400000001 117.06199400000001 117.06199400000001 117.06199400000001 117.06199400000001 117.06199400000001 117.06199400000001 117.06199400000001 117.06199400000001 117.06199400000001 117.06199400000001 117.06199400000001 117.06199400000001
 167.01576499999999 167.01576499999999 167.01576499999999 167.01576499999999 167.01576499999999 167.01576499999999 167.01576499999999 167.01576499999999 167.01576499999999 167.01576499999999 167.01576499999999 167.01576499999999 167.01576499999999 167.01576499999999 167.01576499999999 167.01576499999999 167.01576499999999 167.01576499999999 167.01576499999999 167.01576499999999 167.01576499999999 167.01576499999999 167.01576499999999 167.01576499999999 167.01576499999999
 217.51150799999999 217.51150799999999 217.51150799999999 217.51150799999999 217.51150799999999 217.51150799999999 217.51150799999999 217.51150799999999 217.51150799999999 217.51150799999999 217.51150799999999 217.51150799999999 217.51150799999999 217.51150799999999 217.51150799999999 217.51150799999999 217.51150799999999 217.51150799999999 217.51150799999999 217.51150799999999 217.51150799999999 217.51150799999999 217.51150799999999 217.51150799999999 217.51150799999999
 268.73284200000001 268.73284200000001 268.73284200000001 268.73284200000001 268.73284200000001 268.73284200000001 268.73284200000001 268.73284200000001 268.73284200000001 268.73284200000001 268.73284200000001 268.73284200000001 268.73284200000001 268.73284200000001 268.73284200000001 268.73284200000001 268.73284200000001 268.73284200000001 268.73284200000001 268.73284200000001 268.73284200000001 268.73284200000001 268.73284200000001 268.73284200000001 268.73284200000001
 320.56923499999999 320.56923499999999 320.56923499999999 320.56923499999999 320.56923499999999 320.56923499999999 320.56923499999999 320.56923499999999 320.56923499999999 320.56923499999999 320.56923499999999 320.56923499999999 320.56923499999999 320.56923499999999 320.56923499999999 320.56923499999999 320.56923499999999 320.56923499999999 320.56923499999999 320.56923499999999 320.56923499999999 320.56923499999999 320.56923499999999 320.56923499999999 320.56923499999999
 372.20595500000002 372.20595500000002 372.20595500000002 372.20595500000002 372.20595500000002 372.20595500000002 372.20595500000002 372.20595500000002 372.20595500000002 372.20595500000002 372.20595500000002 372.20595500000002 372.20595500000002 372.20595500000002 372.20595500000002 372.20595500000002 372.20595500000002 372.20595500000002 372.20595500000002 372.20595500000002 372.20595500000002 372.20595500000002 372.20595500000002 372.20595500000002 372.20595500000002
 425.93590599999999 425.93590599999999 425.93590599999999 425.93590599999999 425.93590599999999 425.93590599999999 425.93590599999999 425.93590599999999 425.93590599999999 425.93590599999999 425.93590599999999 425.93590599999999 425.93590599999999 425.93590599999999 425.93590599999999 425.93590599999999 425.93590599999999 425.93590599999999 425.93590599999999 425.93590599999999 425.93590599999999 425.93590599999999 425.93590599999999 425.93590599999999 425.93590599999999
 479.09565499999997 479.09565499999997 479.09565499999997 479.09565499999997 479.09565499999997 479.09565499999997 479.09565499999997 479.09565499999997 479.09565499999997 479.09565499999997 479.09565499999997 479.09565499999997 479.09565499999997 479.09565499999997 479.09565499999997 479.09565499999997 479.09565499999997 479.09565499999997 479.09565499999997 479.09565499999997 479.09565499999997 479.09565499999997 479.09565499999997 479.09565499999997 479.09565499999997
 531.25092299999994 531.25092299999994 531.25092299999994 531.25092299999994 531.25092299999994 531.25092299999994 531.25092299999994 531.25092299999994 531.25092299999994 531.25092299999994 531.25092299999994 531.25092299999994 531.25092299999994 531.25092299999994 531.25092299999994 531.25092299999994 531.25092299999994 531.25092299999994 531.25092299999994 531.25092299999994 531.25092299999994 531.25092299999994 531.25092299999994 531.25092299999994 531.25092299999994


